pkg/RHydroWasimData/inst/input/ww100.dgm2
ncols        115 
nrows        147 
xllcorner    4612654.500000 
yllcorner    5617614.000000 
cellsize     94.525742 
nodata_value -9999.000000 
[rows 38 to 75 of 147, columns 0 to 85 of 115]
-9999 -9999 -9999 -9999 -9999 -9999 -9999 -9999 -9999 -9999 701 694 692 695 698 705 709 710 707 705 702 699 698 700 694 681 662 650 623 616 604 595 590 596 601 602 593 593 604 622 627 631 628 606 623 613 612 612 636 648 656 668 673 684 698 -9999 -9999 -9999 -9999 -9999 -9999 -9999 -9999 -9999 -9999 -9999 -9999 -9999 -9999 -9999 -9999 -9999 -9999 -9999 -9999 -9999 -9999 -9999 -9999 -9999 -9999 -9999 -9999 -9999 -9999 -9999
-9999 -9999 -9999 -9999 -9999 -9999 -9999 -9999 -9999 -9999 709 706 695 699 702 711 716 715 714 712 708 707 706 699 693 680 664 654 623 619 612 605 601 607 609 609 595 593 593 595 606 610 606 629 641 629 612 612 631 651 659 674 680 690 694 -9999 -9999 -9999 -9999 -9999 -9999 -9999 -9999 -9999 -9999 -9999 -9999 -9999 -9999 -9999 -9999 -9999 -9999 -9999 -9999 -9999 -9999 -9999 -9999 -9999 -9999 -9999 -9999 -9999 -9999 -9999
-9999 -9999 -9999 -9999 -9999 -9999 -9999 -9999 -9999 -9999 -9999 -9999 -9999 -9999 -9999 -9999 -9999 725 720 719 717 714 711 702 694 678 659 648 637 632 620 613 614 613 610 599 596 602 596 595 596 599 599 654 654 639 614 612 614 640 653 668 671 677 692 699 -9999 -9999 -9999 -9999 -9999 -9999 -9999 -9999 -9999 -9999 -9999 -9999 -9999 -9999 -9999 -9999 -9999 -9999 -9999 -9999 -9999 -9999 -9999 -9999 -9999 -9999 -9999 -9999 -9999 -9999
-9999 -9999 -9999 -9999 -9999 -9999 -9999 -9999 -9999 -9999 -9999 -9999 -9999 -9999 -9999 -9999 -9999 -9999 726 726 725 724 718 707 700 683 666 658 643 637 624 622 626 621 616 601 607 624 622 614 605 618 662 676 670 650 622 612 612 617 640 655 659 663 686 694 704 -9999 -9999 -9999 -9999 -9999 -9999 -9999 -9999 -9999 -9999 -9999 -9999 -9999 -9999 -9999 -9999 -9999 -9999 -9999 -9999 -9999 -9999 -9999 -9999 -9999 -9999 -9999 -9999 -9999
-9999 -9999 -9999 -9999 -9999 -9999 -9999 -9999 -9999 -9999 -9999 -9999 -9999 -9999 -9999 -9999 -9999 -9999 -9999 -9999 -9999 729 727 716 708 691 682 665 647 640 634 637 636 632 629 617 624 639 647 639 635 680 686 696 688 666 638 623 612 612 623 641 648 660 681 688 696 698 -9999 -9999 -9999 -9999 -9999 -9999 -9999 -9999 -9999 -9999 -9999 -9999 -9999 -9999 -9999 -9999 -9999 -9999 -9999 -9999 -9999 -9999 -9999 -9999 -9999 -9999 -9999 -9999
-9999 -9999 -9999 -9999 -9999 -9999 -9999 -9999 -9999 -9999 -9999 -9999 -9999 -9999 -9999 -9999 -9999 -9999 -9999 -9999 -9999 738 734 725 718 701 692 667 650 648 646 648 650 643 638 621 622 636 665 666 695 704 708 712 702 681 651 632 612 612 612 626 635 648 658 674 683 687 693 -9999 -9999 -9999 -9999 -9999 -9999 -9999 -9999 -9999 -9999 -9999 -9999 -9999 -9999 -9999 -9999 -9999 -9999 -9999 -9999 -9999 -9999 -9999 -9999 -9999 -9999 -9999
-9999 -9999 -9999 -9999 -9999 -9999 -9999 -9999 -9999 -9999 -9999 -9999 -9999 -9999 -9999 -9999 -9999 -9999 -9999 -9999 -9999 -9999 743 733 725 708 698 674 655 655 659 663 661 650 644 628 621 621 658 656 691 712 717 719 711 690 661 645 618 612 612 619 630 643 652 673 693 701 713 -9999 -9999 -9999 -9999 -9999 -9999 -9999 -9999 -9999 -9999 -9999 -9999 -9999 -9999 -9999 -9999 -9999 -9999 -9999 -9999 -9999 -9999 -9999 -9999 -9999 -9999 -9999
-9999 -9999 -9999 -9999 -9999 -9999 -9999 -9999 -9999 -9999 -9999 -9999 -9999 -9999 -9999 -9999 -9999 -9999 -9999 -9999 -9999 -9999 746 737 727 707 697 677 670 671 673 675 665 656 646 630 625 621 625 645 683 701 721 722 713 694 670 655 631 622 612 616 627 663 667 684 704 711 727 -9999 -9999 -9999 -9999 -9999 -9999 -9999 -9999 -9999 -9999 -9999 -9999 -9999 -9999 -9999 -9999 -9999 -9999 -9999 -9999 -9999 -9999 -9999 -9999 -9999 -9999 -9999
-9999 -9999 -9999 -9999 -9999 -9999 -9999 -9999 -9999 -9999 -9999 -9999 -9999 -9999 -9999 -9999 -9999 -9999 -9999 -9999 -9999 -9999 -9999 740 730 711 702 687 685 684 683 683 676 661 656 641 631 621 621 633 672 691 726 732 724 706 696 679 652 637 615 612 614 658 673 696 710 717 735 -9999 -9999 -9999 -9999 -9999 -9999 -9999 -9999 -9999 -9999 -9999 -9999 -9999 -9999 -9999 -9999 -9999 -9999 -9999 -9999 -9999 -9999 -9999 -9999 -9999 -9999 -9999
-9999 -9999 -9999 -9999 -9999 -9999 -9999 -9999 -9999 -9999 -9999 -9999 -9999 -9999 -9999 -9999 -9999 -9999 -9999 -9999 -9999 -9999 746 745 736 720 710 701 695 696 695 691 679 665 660 644 632 633 621 630 666 685 724 737 732 716 706 686 660 647 627 619 612 640 663 697 717 726 740 -9999 -9999 -9999 -9999 -9999 -9999 -9999 -9999 -9999 -9999 -9999 -9999 -9999 -9999 -9999 -9999 -9999 -9999 -9999 -9999 -9999 -9999 -9999 -9999 -9999 -9999 -9999
-9999 -9999 -9999 -9999 -9999 -9999 -9999 -9999 -9999 -9999 -9999 -9999 -9999 -9999 -9999 -9999 -9999 -9999 -9999 -9999 -9999 746 745 745 741 729 720 713 711 709 704 697 683 668 664 651 653 630 628 631 654 674 714 728 724 712 705 687 669 657 633 621 614 625 653 696 712 728 742 742 -9999 -9999 -9999 -9999 -9999 -9999 -9999 -9999 -9999 -9999 -9999 -9999 -9999 -9999 -9999 -9999 -9999 -9999 -9999 -9999 -9999 -9999 -9999 -9999 -9999 -9999
-9999 -9999 -9999 -9999 -9999 -9999 -9999 -9999 -9999 -9999 -9999 -9999 -9999 -9999 -9999 -9999 -9999 -9999 -9999 -9999 748 747 747 746 743 739 737 726 726 722 708 699 685 680 674 657 649 648 634 629 641 659 701 709 711 708 703 688 669 661 642 630 625 623 642 678 695 722 742 746 -9999 -9999 -9999 -9999 -9999 -9999 -9999 -9999 -9999 -9999 -9999 -9999 -9999 -9999 -9999 -9999 -9999 -9999 -9999 -9999 -9999 -9999 -9999 -9999 -9999 -9999
-9999 -9999 -9999 -9999 -9999 -9999 -9999 -9999 -9999 -9999 -9999 -9999 -9999 -9999 -9999 -9999 -9999 -9999 -9999 751 748 746 742 743 743 742 741 737 736 729 713 703 694 688 671 668 671 671 661 637 637 652 685 695 698 700 699 688 671 662 650 648 649 626 632 659 680 715 741 747 -9999 -9999 -9999 -9999 -9999 -9999 -9999 -9999 -9999 -9999 -9999 -9999 -9999 -9999 -9999 -9999 -9999 -9999 -9999 -9999 -9999 -9999 -9999 -9999 -9999 -9999
-9999 -9999 -9999 -9999 -9999 -9999 -9999 -9999 -9999 -9999 -9999 -9999 -9999 -9999 -9999 -9999 -9999 -9999 -9999 -9999 747 744 742 740 738 742 744 748 744 733 716 706 691 689 682 678 676 672 660 637 637 642 667 673 685 692 693 686 673 667 666 671 664 634 634 656 679 719 747 752 756 755 -9999 -9999 -9999 -9999 -9999 -9999 -9999 -9999 -9999 -9999 -9999 -9999 -9999 -9999 -9999 -9999 -9999 -9999 -9999 -9999 -9999 -9999 -9999 -9999
-9999 -9999 -9999 -9999 -9999 -9999 -9999 -9999 -9999 -9999 -9999 -9999 -9999 -9999 -9999 -9999 -9999 -9999 -9999 -9999 746 742 737 735 735 742 746 749 745 733 716 707 701 701 695 685 679 661 658 642 637 637 653 660 675 687 691 686 683 679 680 681 673 640 637 653 673 715 745 748 749 746 743 -9999 -9999 -9999 -9999 -9999 -9999 -9999 -9999 -9999 -9999 -9999 -9999 -9999 -9999 -9999 -9999 -9999 -9999 -9999 -9999 -9999 -9999 -9999
-9999 -9999 -9999 -9999 -9999 -9999 -9999 -9999 -9999 -9999 -9999 -9999 -9999 -9999 -9999 -9999 -9999 -9999 -9999 -9999 743 741 740 735 731 733 742 746 741 731 718 711 705 705 704 694 685 667 662 643 637 646 661 668 681 691 694 694 693 691 687 685 682 667 641 646 662 709 736 736 735 735 735 743 744 -9999 -9999 -9999 -9999 -9999 -9999 -9999 -9999 -9999 -9999 -9999 -9999 -9999 -9999 -9999 -9999 -9999 -9999 -9999 -9999 -9999
-9999 -9999 -9999 -9999 -9999 -9999 -9999 -9999 -9999 -9999 -9999 -9999 -9999 -9999 -9999 -9999 -9999 -9999 -9999 -9999 746 742 736 732 728 729 732 737 733 725 721 712 707 707 705 694 687 669 661 644 646 658 671 677 688 697 701 699 700 700 693 687 677 671 647 641 648 693 705 721 724 722 730 740 743 -9999 -9999 -9999 -9999 -9999 -9999 -9999 -9999 -9999 -9999 -9999 -9999 -9999 -9999 -9999 -9999 -9999 -9999 -9999 -9999 -9999
-9999 -9999 -9999 -9999 -9999 -9999 -9999 -9999 -9999 -9999 -9999 -9999 -9999 -9999 -9999 -9999 -9999 -9999 -9999 -9999 748 742 732 728 722 720 726 728 728 723 722 717 713 711 707 705 698 674 662 644 648 658 680 689 699 704 709 710 710 706 697 690 676 676 659 643 644 675 686 703 708 706 722 729 742 749 -9999 -9999 -9999 -9999 -9999 -9999 -9999 -9999 -9999 -9999 -9999 -9999 -9999 -9999 -9999 -9999 -9999 -9999 -9999 -9999
-9999 -9999 -9999 -9999 -9999 -9999 -9999 -9999 -9999 -9999 -9999 -9999 -9999 -9999 -9999 -9999 -9999 -9999 -9999 -9999 748 744 737 731 721 717 715 723 724 727 727 720 716 716 718 721 714 685 668 645 644 664 685 695 708 716 720 718 717 711 704 701 684 684 672 651 643 667 673 683 694 701 720 727 740 751 755 757 -9999 -9999 -9999 -9999 -9999 -9999 -9999 -9999 -9999 -9999 -9999 -9999 -9999 -9999 -9999 -9999 -9999 -9999
-9999 -9999 -9999 -9999 -9999 -9999 -9999 -9999 -9999 -9999 -9999 -9999 -9999 -9999 -9999 -9999 -9999 -9999 -9999 -9999 -9999 748 741 736 725 720 716 714 714 724 728 723 715 715 715 716 705 675 661 646 645 668 694 701 715 722 726 728 727 723 716 711 695 689 675 651 643 668 680 695 704 711 717 725 739 749 753 756 756 -9999 -9999 -9999 -9999 -9999 -9999 -9999 -9999 -9999 -9999 -9999 -9999 -9999 -9999 -9999 -9999 -9999
-9999 -9999 -9999 -9999 -9999 -9999 -9999 -9999 -9999 -9999 -9999 -9999 -9999 -9999 -9999 -9999 -9999 -9999 -9999 -9999 -9999 752 749 740 727 720 718 698 707 721 727 719 707 705 697 690 674 653 653 658 664 663 697 707 724 731 736 738 737 732 728 719 695 688 676 652 643 653 670 695 709 715 724 727 734 740 743 750 749 749 -9999 -9999 -9999 -9999 -9999 -9999 -9999 -9999 -9999 -9999 -9999 -9999 -9999 -9999 -9999 -9999
-9999 -9999 -9999 -9999 -9999 -9999 -9999 -9999 -9999 -9999 -9999 -9999 -9999 -9999 -9999 -9999 -9999 -9999 -9999 -9999 -9999 752 748 739 731 728 715 707 698 704 712 700 683 682 675 669 659 677 677 676 673 663 691 708 733 741 745 746 745 740 736 725 702 693 679 673 643 643 648 672 695 709 725 724 725 730 732 745 744 749 759 -9999 -9999 -9999 -9999 -9999 -9999 -9999 -9999 -9999 -9999 -9999 -9999 -9999 -9999 -9999
-9999 -9999 -9999 -9999 -9999 -9999 -9999 -9999 -9999 -9999 -9999 -9999 -9999 -9999 -9999 -9999 -9999 -9999 -9999 -9999 -9999 748 745 737 728 721 707 707 697 686 686 679 673 667 667 667 685 701 701 693 685 665 689 707 736 746 753 753 752 747 744 731 711 704 685 673 666 643 643 649 659 691 716 715 711 715 722 741 741 749 760 -9999 -9999 -9999 -9999 -9999 -9999 -9999 -9999 -9999 -9999 -9999 -9999 -9999 -9999 -9999
-9999 -9999 -9999 -9999 -9999 -9999 -9999 -9999 -9999 -9999 -9999 -9999 -9999 -9999 -9999 -9999 -9999 -9999 -9999 -9999 -9999 748 745 738 727 724 722 721 710 692 683 691 692 692 688 685 703 705 706 698 692 678 674 695 729 742 752 753 753 750 746 738 726 721 702 688 678 662 653 645 646 658 688 693 698 697 721 730 740 750 758 764 -9999 -9999 -9999 -9999 -9999 -9999 -9999 -9999 -9999 -9999 -9999 -9999 -9999 -9999
-9999 -9999 -9999 -9999 -9999 -9999 -9999 -9999 -9999 -9999 -9999 -9999 -9999 -9999 -9999 -9999 -9999 -9999 -9999 -9999 -9999 -9999 745 738 735 731 730 728 713 700 701 710 710 704 697 697 714 716 713 702 698 688 680 683 712 729 743 751 751 752 753 751 739 734 718 708 692 677 670 660 657 647 654 666 691 704 713 729 737 748 752 768 -9999 -9999 -9999 -9999 -9999 -9999 -9999 -9999 -9999 -9999 -9999 -9999 -9999 -9999
-9999 -9999 -9999 -9999 -9999 -9999 -9999 -9999 -9999 -9999 -9999 -9999 -9999 -9999 -9999 -9999 -9999 -9999 -9999 -9999 -9999 -9999 747 744 738 734 736 733 716 702 703 722 722 718 712 711 724 726 723 718 718 711 696 680 699 719 729 734 746 755 758 757 748 744 733 725 705 693 687 672 664 649 647 656 689 708 716 722 730 750 762 782 784 -9999 -9999 -9999 -9999 -9999 -9999 -9999 -9999 -9999 -9999 -9999 -9999 -9999
-9999 -9999 -9999 -9999 -9999 -9999 -9999 -9999 -9999 -9999 -9999 -9999 -9999 -9999 -9999 -9999 -9999 -9999 -9999 -9999 -9999 -9999 749 749 747 738 738 733 719 710 711 722 728 735 734 732 741 743 741 735 734 726 711 684 687 703 715 726 743 755 761 766 763 754 739 730 709 695 694 680 667 654 647 658 686 701 703 715 725 747 759 776 779 781 784 -9999 -9999 -9999 791 791 790 800 -9999 -9999 -9999 -9999
-9999 -9999 -9999 -9999 -9999 -9999 -9999 -9999 -9999 -9999 -9999 -9999 -9999 -9999 -9999 -9999 -9999 -9999 -9999 -9999 -9999 -9999 -9999 751 750 742 739 734 728 728 730 720 732 747 750 750 760 760 760 752 744 726 720 700 686 686 712 718 735 754 762 770 769 762 746 734 711 703 685 667 660 650 647 658 678 693 721 716 725 744 753 764 771 776 784 786 -9999 791 791 790 787 796 803 -9999 -9999 -9999
-9999 -9999 -9999 -9999 -9999 -9999 -9999 -9999 -9999 -9999 -9999 -9999 -9999 -9999 -9999 -9999 -9999 -9999 -9999 -9999 -9999 -9999 -9999 753 751 749 744 737 732 735 744 731 731 743 754 766 773 776 777 769 763 740 733 722 706 692 723 725 737 754 762 770 769 763 746 735 711 703 682 676 683 658 651 659 681 695 724 733 732 739 748 759 763 771 781 784 792 792 792 785 777 794 801 800 -9999 -9999
-9999 -9999 -9999 -9999 -9999 -9999 -9999 -9999 -9999 -9999 -9999 -9999 -9999 -9999 -9999 -9999 -9999 -9999 -9999 -9999 -9999 -9999 -9999 759 758 755 751 746 740 740 750 744 744 746 748 771 782 784 786 785 777 763 756 742 719 702 724 732 746 757 763 772 768 757 742 733 714 707 687 682 691 670 657 651 667 678 707 720 736 744 749 757 763 769 778 781 789 792 789 778 771 783 794 797 802 804
-9999 -9999 -9999 -9999 -9999 -9999 -9999 -9999 -9999 -9999 -9999 -9999 -9999 -9999 -9999 -9999 -9999 -9999 -9999 -9999 -9999 -9999 -9999 767 769 764 759 755 749 747 758 759 758 756 754 769 781 785 789 788 789 778 772 756 746 703 725 735 753 765 769 768 765 756 740 729 709 702 682 684 700 681 695 671 658 658 682 696 715 733 745 750 755 763 769 772 780 786 781 771 771 779 792 798 806 808
-9999 -9999 -9999 -9999 -9999 -9999 -9999 -9999 -9999 -9999 -9999 -9999 -9999 -9999 -9999 -9999 -9999 -9999 -9999 -9999 -9999 -9999 -9999 -9999 774 774 768 765 757 753 763 769 770 769 767 765 776 780 787 789 788 784 777 760 750 704 727 739 758 765 767 768 763 752 736 726 706 696 682 682 696 709 708 694 678 669 661 675 703 721 726 722 735 757 767 769 768 770 767 772 783 791 799 801 805 807
-9999 -9999 -9999 -9999 -9999 -9999 -9999 -9999 -9999 -9999 -9999 -9999 -9999 -9999 -9999 -9999 -9999 -9999 -9999 -9999 -9999 -9999 -9999 -9999 -9999 783 780 774 768 765 772 778 779 779 777 771 775 778 784 786 789 780 775 758 746 704 730 742 761 768 770 765 758 745 738 717 703 698 689 688 692 723 722 716 702 693 664 665 682 696 693 712 724 746 760 764 766 758 755 771 781 794 798 804 810 813
-9999 -9999 -9999 -9999 -9999 -9999 -9999 -9999 -9999 -9999 -9999 -9999 -9999 -9999 -9999 -9999 -9999 -9999 -9999 -9999 -9999 -9999 -9999 -9999 -9999 -9999 -9999 781 777 775 785 786 788 787 784 781 779 779 781 784 785 781 774 753 739 704 731 742 761 769 773 764 759 747 740 740 732 727 709 696 702 729 731 730 718 710 681 671 668 685 695 724 733 745 748 747 750 749 755 771 779 796 798 803 808 810
-9999 -9999 -9999 -9999 -9999 -9999 -9999 -9999 -9999 -9999 -9999 -9999 -9999 -9999 -9999 -9999 -9999 -9999 -9999 -9999 -9999 -9999 -9999 -9999 -9999 -9999 -9999 -9999 783 784 789 792 797 796 793 786 784 779 777 776 773 771 766 751 740 716 742 747 760 767 772 767 763 753 748 748 750 742 722 710 713 738 746 750 746 720 688 679 668 675 688 722 729 733 725 719 723 730 749 770 780 786 792 800 801 801
-9999 -9999 -9999 -9999 -9999 -9999 -9999 -9999 -9999 -9999 -9999 -9999 -9999 -9999 -9999 -9999 -9999 -9999 -9999 -9999 -9999 -9999 -9999 -9999 -9999 -9999 -9999 -9999 -9999 -9999 796 797 799 797 794 785 782 771 761 758 755 754 748 733 722 733 750 752 761 768 772 767 764 756 751 747 752 746 724 715 739 753 754 753 751 735 699 691 672 668 671 700 705 707 704 706 720 731 752 771 781 788 790 791 790 789
-9999 -9999 -9999 -9999 -9999 -9999 -9999 -9999 -9999 -9999 -9999 -9999 -9999 -9999 -9999 -9999 -9999 -9999 -9999 -9999 -9999 -9999 -9999 -9999 -9999 -9999 -9999 -9999 -9999 -9999 -9999 -9999 803 799 796 784 777 760 744 739 736 734 729 726 725 755 766 772 767 768 770 765 764 757 751 743 741 721 721 729 762 771 771 763 754 733 713 699 680 675 668 693 695 698 698 718 738 746 761 773 778 782 782 780 776 773
-9999 -9999 -9999 -9999 -9999 -9999 -9999 -9999 -9999 -9999 -9999 -9999 -9999 -9999 -9999 -9999 -9999 -9999 -9999 -9999 -9999 -9999 -9999 -9999 -9999 -9999 -9999 -9999 -9999 -9999 -9999 -9999 -9999 797 793 783 775 760 749 746 736 736 736 749 761 771 775 781 776 769 767 765 760 751 743 728 721 722 733 750 774 775 770 757 750 734 713 702 686 681 668 671 679 700 714 734 755 758 764 767 774 783 779 770 764 785
